2.81888342 4.91325760
-1.66476142 1.28228724
-1.06565559 1.11720335
-0.99448621 0.39866507
-0.28144938 0.33649275
-0.24947146 0.24647979
-0.26078182 0.23689604
-0.14077079 0.21494640
-0.19164681 0.14299496
-0.12448837 0.12977839
-0.11033440 0.09786162
-0.12299768 0.09131458
-0.08404844 0.10936240
-0.10030222 0.08563057
0.08325282 0.06879154
-0.07786117 0.08140859
-0.07883876 0.06071742
-0.08256117 0.07121737
-0.06736322 0.06622460
-0.07744025 0.04724309
-0.07796583 0.06041248
-0.06539849 0.03901802
-0.04219020 0.08062844
-0.04627858 0.04758020
-0.03575663 0.03581439